학번     이름      중간    기말 
32180023 김기열      50      60
32180037 김단비      25      35
32180058 김봉준      35      65
32180150 김인직      55      65
32180210 김승우      55      95
32180230 나상욱      45      35
32180300 박광섭      75      85
32182927 박수빈      85      95
32182930 박수홍      60      40
32182933 박제욱      80      90
32183011 박현제      35      55
32183022 신호균      60      70
32183302 오준석      80      60
32183330 유인나      30      60
32183690 이지은     100     100
32183698 이현기      70      50
32183809 정  민      50      50
32183902 최원준      30      40
32184982 하헌주      40      60
32184992 하석현      95      85
